models = ['ACCESS-CM2', 'AWI-CM-1-1-MR', 'CanESM5', 'CESM2-WACCM', 'CESM2', 'CMCC-CM2-SR5', 'CMCC-ESM2', 'CNRM-CM6-1', 'CNRM-ESM2-1', 'EC-Earth3', 'FGOALS-g3', 'INM-CM5-0', 'IPSL-CM6A-LR', 'MIROC6', 'MIROC-ES2L', 'MPI-ESM1-2-LR', 'MRI-ESM2-0', 'NorESM2-LM', 'UKESM1-0-LL’]
(dt_hist_JFM,dt_hist_JAS,rw_hist_JFM,rw_hist_JAS,sic_hist_JFM,sic_hist_JAS,dt_tot_JFM,dt_tot_JAS,rw_tot_JFM,rw_tot_JAS,sic_tot_JFM,sic_tot_JAS)
ERA5
-0.52669448,0.04884771,0.00537619,-0.00051168,-0.34081866,-3.25453211
CMIP6_models_ensmeans
-0.21112165,0.08357676,0.00043698,-0.00544536,-0.33714569,-2.25463312,-0.92075013,0.08868517,0.00821653,0.00225807,-1.33297134,-4.64243515
-0.27107131,0.00349099,0.00198978,0.00166387,-0.61394967,-1.73214652,-0.45573664,0.06896825,0.00509088,0.00144853,-1.02637957,-3.58734581
-0.49835207,0.01703091,0.00523979,0.00173373,-1.06981573,-2.14547615,-1.57082785,-0.05704369,0.01994623,0.00624771,-4.87666448,-4.85129352
-0.33460111,0.17563308,0.00511241,-0.00102349,-0.22012188,-2.08227651,-0.53395423,0.31425502,0.00631961,-0.00184402,-0.61598073,-4.03681626
-0.38868776,0.04487856,0.0053076,0.00262037,-0.25746831,-3.14539602,-0.45729557,0.22195633,0.00486409,-0.00031375,-0.5796516,-3.7118821
-0.87197073,0.10053007,0.00991448,0.00168663,-1.21113564,-1.16281359,-1.37903358,0.07218943,0.02220344,-0.00080549,-5.07538777,-0.6102511
-0.39159166,0.19097491,0.00452236,-0.00130543,-0.28775043,-0.98644605,-1.42817084,0.1014574,0.02240158,-0.0009847,-5.08903747,-0.79802355
-0.19582429,-0.03767714,7.82824073e-04,1.12679449e-07,-0.1992759,-0.70177807,-0.58414887,-0.07120398,0.00658958,0.00348028,-0.914456,-3.08211806
-0.41931809,-0.12131269,0.00196328,0.00220134,-0.56692122,-1.47930898,-0.53361251,-0.05316153,0.00600059,0.00239227,-0.80904014,-2.81231948
-0.25748251,-0.21025704,0.00213237,0.00461546,-0.96768984,-2.28184324,-0.60719683,-0.24658563,0.00559223,0.00736679,-1.32851615,-4.72108182
-0.18031539,0.00884539,0.0016656,-0.00101842,-0.51749231,0.10313356,-0.45955974,-0.13654132,0.0027433,0.00337412,-0.41715031,-1.25398728
-0.13003955,-0.01338992,0.00147015,-0.00022514,-0.48252612,-0.7546448,-0.45949546,-0.03830252,0.00406021,0.00169013,-0.88180942,-1.9277454
-0.44860518,-0.0297173,0.00351228,0.00654093,-0.33848312,-3.08162578,-1.19891947,-0.33824235,0.01665204,0.01224674,-2.74130978,-4.4597809
-0.16566428,0.05084002,0.00202537,-0.00050049,-0.30258848,-1.00557599,-0.81753849,0.05331966,0.00933627,0.00696104,-1.12305154,-4.09049009
-0.16067831,0.03490811,0.00392832,-0.00426295,-0.28994757,-1.00765057,-0.65464959,0.08728494,0.00720042,0.00103751,-0.90989102,-3.5394298
-0.20639021,0.03868367,2.87000470e-03,1.52868575e-05,-0.44466696,-1.41775184,-0.41262876,0.07877365,0.00502168,0.00086784,-0.75390472,-3.21555437
-0.2839581,0.05691939,0.0004684,0.00104826,-0.43071239,-2.17540284,-0.54400801,0.04045565,0.00498445,0.00277129,-1.03516032,-3.86148213
-0.3934459,0.19749403,0.00478331,-0.00234334,-0.21148608,-1.56809055,-0.38392777,0.27026117,0.00400337,-0.0014781,-0.30920101,-2.93040367
-0.17326135,0.16671969,0.00096168,-0.00495628,-0.48805431,-1.18224057,-1.53109845,-0.05635018,0.0158629,0.00403136,-3.49142419,-5.39932351
CMIP6_ENSEMBLE
-0.31659124,0.03889657,0.00299492,0.00033147,-0.47943802,-1.49196984,-0.78906168,0.02094423,0.00905727,0.00269721,-1.77462822,-3.27155368
CMIP6_models_ensspread
0,0,0,0,0,0,0,0,0,0,0,0
0.25322744,0.09906104,0.00408211,0.00156695,0.44791845,0.1326828,0.15975072,0.02847692,0.00938956,0.00173906,0.98925639,0.29449588
0.37444613,0.15792349,0.00547241,0.00230051,0.98592642,0.74954775,0.14043304,0.05709102,0.00615713,0.00123058,1.78086685,0.23974392
0,0,0,0,0,0,0,0,0,0,0,0
0,0,0,0,0,0,0,0,0,0,0,0
0,0,0,0,0,0,0,0,0,0,0,0
0,0,0,0,0,0,0,0,0,0,0,0
0.22282023,0.09608431,0.00475424,0.00176884,0.76349038,0.22316636,0.14328703,0.05693729,0.0020303,0.00206637,0.75510654,0.29767361
0,0,0,0,0,0,0,0,0,0,0,0
0.23775943,0.13834105,0.00257165,0.00083403,1.77611502,0.71194597,0.03773205,0.10509608,0.00737348,0.00165644,0.72766063,0.820241
0.11422447,0.06189984,0.00081831,0.00031112,0.21572857,0.01795962,0.10014951,0.05258919,0.00610214,0.00217412,0.465546,0.1955276
0.44766369,0.12458247,0.00939289,0.00150187,0.31695,0.24613235,0.19157612,0.05367509,0.00433349,0.00175224,0.8493163,0.54178059
0.54409975,0.20487484,0.00463538,0.00476019,0.68184419,0.9671685,0.21144455,0.09193286,0.0086352,0.0086352,2.94807696,0.3729322
0.0857254,0.06025683,0.0001756,0.00102493,0.12033251,0.20372998,0.1207809,0.03951493,0.0025108,0.00028059,0.51664931,0.0085133
0,0,0,0,0,0,0,0,0,0,0,0
0.12539886,0.06477959,0.00727568,0.00084284,0.44286092,0.11293183,0.14158644,0.04516811,0.00384231,0.00093339,0.76103602,0.30514568
0.18449865,0.14271909,0.00208956,0.00328324,0.30482372,0.25163789,0.11305936,0.04667895,0.00374698,0.00117105,0.5953647,0.37659935
0,0,0,0,0,0,0,0,0,0,0,0
0.13921869,0.12986069,0.00493793,0.0038999,0.55815267,0.832245,0.15895039,0.0915256,0.00440861,0.0021324,0.62077955,0.22402771
